[{"image_id": "2caadd7bc71c43d5ad10f4e7f10a3455", "pose": [-0.720036, 0.0043335, 0.693923, 4.95578, -0.693933, -0.00127524, -0.720038, -3.92222, -0.00223533, -0.99999, 0.00392553, 1.54757, 0, 0, 0, 1], "included": true, "visible": [false, false, false, false, false, false, false, false, false, false, false, false, false, false, false, false, true, false, false, false, false, false, false, false, false, false, false, false, false, true, false, false, false, false, false, false, false, true, true, false, false, true, false, false, false, false, false, false, false, false, false, false, false], "unobstructed": [false, false, false, false, false, false, false, false, false, false, false, false, false, false, false, false, false], "height": 1.5493667032151701}, {"image_id": "ab993d543aed47fe9360f05eb03f301b", "pose": [-0.222345, -0.0162215, 0.974833, 5.02353, -0.974967, 0.00211141, -0.222341, 0.0737373, 0.00154846, -0.999866, -0.0162847, 1.55481, 0, 0, 0, 1], "included": true, "visible": [false, false, false, false, false, false, false, false, false, false, true, false, false, false, false, false, false, false, false, false, false, false, false, false, true, false, false, false, false, false, false, false, false, false, false, false, false, true, true, false, true, false, false, true, true, false, true, false, false, true, false, false, false], "unobstructed": [true, false, false, false, false, false, false, false, false, false, false, false, false, false, false, false, false], "height": 1.5487626040532223}, {"image_id": "d9d0b72a2929495cb1fc8df42c84b18a", "pose": [0.956162, 0.000844065, 0.292838, 3.99344, -0.292822, -0.00821696, 0.956132, 0.243735, 0.00321332, -0.999966, -0.00760943, 1.55276, 0, 0, 0, 1], "included": true, "visible": [false, false, false, false, true, false, false, false, false, false, false, false, false, false, false, false, false, false, false, false, false, false, false, false, true, false, true, false, false, true, false, false, false, false, false, false, false, true, true, false, true, true, false, true, true, false, true, false, false, true, false, false, false], "unobstructed": [false, true, false, false, false, false, false, false, false, false, false, false, false, false, false, false, false], "height": 1.5499529321294032}, {"image_id": "81dab76afc424a5b9ab7c7d2432c633f", "pose": [-0.805274, -0.00263522, 0.592896, 3.95265, -0.592901, 0.00527109, -0.805258, 2.17644, -0.00100313, -0.999982, -0.00580695, 1.56141, 0, 0, 0, 1], "included": true, "visible": [false, false, false, true, true, false, false, false, true, false, true, false, false, false, true, false, false, false, false, false, true, true, false, false, false, false, false, false, false, false, false, true, false, false, false, false, false, false, false, true, false, true, false, false, false, false, false, false, false, false, true, false, false], "unobstructed": [false, false, true, false, false, false, false, false, false, false, false, false, false, false, false, false, false], "height": 1.5578036730113782}, {"image_id": "e1f88263b98d46909c3e00e9250b6a4b", "pose": [0.723594, 0.00447728, 0.690211, 3.88721, -0.690173, -0.0076217, 0.723604, 4.10875, 0.00850041, -0.999961, -0.00242477, 1.55956, 0, 0, 0, 1], "included": true, "visible": [true, true, true, false, true, false, false, false, false, false, true, true, false, false, false, true, false, false, false, true, false, false, true, false, false, false, true, false, false, false, false, false, false, false, false, false, true, false, false, false, false, false, false, false, false, false, false, true, false, false, false, false, false], "unobstructed": [false, false, false, true, false, false, false, false, false, false, false, false, false, false, false, false, false], "height": 1.5582001097422944}, {"image_id": "a80acc2328154455965a8be4133dee71", "pose": [0.580252, 0.0134287, -0.814326, 1.60582, 0.814392, 0.000981352, 0.580315, 3.82143, 0.00859207, -0.999909, -0.0103667, 1.55381, 0, 0, 0, 1], "included": true, "visible": [false, false, true, false, true, false, false, false, false, false, false, true, false, false, false, true, false, false, false, false, true, false, false, false, false, false, false, false, false, false, false, false, false, false, false, false, true, false, false, false, false, true, false, false, false, false, false, true, false, false, false, false, false], "unobstructed": [false, false, false, false, true, false, false, false, false, false, false, false, false, false, false, false, false], "height": 1.5572806614151598}, {"image_id": "19b2aa3137ae44f19821ec0f3da4a836", "pose": [0.966457, 0.0035652, -0.256803, 0.208196, 0.256802, 0.000769122, 0.966464, 3.83526, 0.00364319, -0.999993, -0.000172074, 1.54639, 0, 0, 0, 1], "included": true, "visible": [false, false, true, false, false, false, false, false, false, false, false, false, false, false, false, false, false, false, false, true, false, false, false, false, false, false, false, false, false, false, false, false, false, false, false, false, true, false, false, false, false, true, false, false, false, false, false, true, false, false, false, false, false], "unobstructed": [false, false, false, false, false, true, false, false, false, false, false, false, false, false, false, false, false], "height": 1.5492351652105973}]